1.314504720659687009e+05
1.509933891224454437e-29
2.773531712912058002e-30
1.824240843323589099e-30
2.294023305008246305e-31
7.548105236867612984e+04
3.245191956292492850e-31
2.396558009688100580e-30
2.597826149617490053e-29
5.846951171959976829e-30
9.626570726537538576e+03
7.046447833486003301e-30
3.993205299317465816e-31
1.525589535479938400e-29
2.049863277387961798e-30
3.622007652215758640e+02
3.884666612562317053e-30
1.056837310641935904e-29
1.495466715897276781e-30
2.195905805929339557e-29
1.150293627563986547e+03
8.402625902392496016e-30
2.323562193451149270e-30
2.642691221074969595e-32
2.116240300694477668e-30
6.063466604682194117e+01
6.627760927003454341e-30
2.369205415406072366e-30
2.481159802655521282e-30
1.812738469002472464e-30
2.540889336384196895e+01
3.842748328647546937e-30
5.053072537417736817e-30
1.081982631113562992e-30
2.793175674905250106e-30
6.151504665148321394e+00
6.535371830708967389e-31
8.531585449344512901e-30
1.187900480477611218e-30
5.473862677723735499e-31
3.473027317342267661e-01
9.518562867086122717e-33
2.852101166393717424e-32
2.501704142491124968e-30
7.933785421636436013e-32
2.114108148855505243e-01
1.498128180496482204e-32
2.073041155623863316e-31
2.128813406584125798e-33
5.432749700198804328e-31
6.681242328429447264e-03
2.120558125376324825e-29
1.988157367532100140e-31
1.849448651733182098e-30
5.978937872982331808e-31
4.470510239532487183e-03
2.580999758852379067e-31
1.012820215432230078e-29
2.594992961675396479e-31
3.942103486412759455e-29
2.307301932481568244e-04
1.221783428959351728e-29
6.339696374108970499e-30
1.047566556960272379e-30
3.683441276479955754e-31
5.715255845734708209e-05
6.335277099878195429e-32
2.311712954977977570e-30
8.709155440356349276e-31
6.820169739257315809e-30
7.942249573026485129e-06
9.636636601206163430e-31
1.909795228895004713e-30
4.661414510028741645e-30
7.704575004338406838e-30
2.540119110036415864e-07
5.151635548243755353e-31
1.398389390002954016e-29
5.589754653343528560e-31
1.240253331464587617e-30
1.678859745908041939e-07
2.078362850216787097e-31
2.518853935992637333e-32
3.391598874219435951e-30
5.362447937150389883e-32
4.998643028617047355e-10
3.485085319949130579e-32
5.146538248462172304e-31
3.481917654391574908e-31
8.307736750047836933e-31
1.489302052313528890e-09
1.081783580995304907e-29
8.567865368669449630e-32
3.358506463264837549e-30
1.040857067154363399e-31
1.215353420970653674e-10
5.703236498928748856e-32
1.208791546631991730e-32
1.283674234473781507e-30
1.471193071094373936e-29
1.172976480974413858e-12
6.130521383161709715e-31
3.003242215241080231e-31
2.744881807609967966e-31
1.145363143652739838e-31
1.720513494337079832e-12
1.871973225436224207e-31
1.805679267014033384e-30
1.362126918790693895e-31
1.033023536463048509e-29
6.570080190945469146e-14
1.694035743217261569e-31
1.553468320295321024e-30
7.288382018992960261e-30
1.675096187554444330e-30
1.766315067129947297e-15
1.337324382233489855e-31
2.444381060818708815e-31
2.801089855234317355e-31
2.773566540326521015e-31
1.144822235701293721e-15
1.114529410915408473e-29
2.960234074582881077e-31
1.664458950064221409e-30
7.133946762558732459e-32
4.624721349292340336e-17
2.956638855208787113e-30
9.270919948331154811e-31
2.684644991210424982e-30
2.856126059477468811e-31
2.987018515455019554e-19
1.062961655128344826e-29
1.500070527445206854e-31
1.109014936601102416e-29
4.055405740382971659e-31
4.778777341712084338e-19
1.323077995120033896e-31
2.159189171805820352e-30
2.546515327379081664e-34
1.517155429254615977e-29
3.413325476991668877e-20
2.608864324030270180e-29
3.014015474438089243e-31
2.877138539331709859e-30
4.718397321266093551e-31
1.425792019102168840e-22
5.808022614858295070e-31
7.012975346117489997e-30
1.001558174304366159e-32
5.581073919878011419e-30
7.697246347824662109e-23
3.641937585436822816e-30
4.833660492165649348e-31
2.944541636625701309e-31
1.140009609041901644e-30
1.455303554190922373e-23
1.259472268988036604e-31
7.730988202757724612e-30
3.454315192808037876e-31
1.004696137457012671e-30
5.501376402053495976e-25
1.266368684824528395e-31
3.007670170536558853e-30
6.142623210348308939e-31
2.784988015757501706e-31
9.873703564488929793e-28
1.019380253092842583e-30
2.889143502588222855e-30
1.792606648517011021e-33
1.955670676875601903e-31
1.528726618335503314e-27
4.395889496949330764e-30
4.033355849065108081e-32
1.230578937148373851e-29
4.640399011313731882e-31
5.966381654790280422e-28
1.669673828758612393e-30
1.586289804938513460e-30
1.645604778338986479e-30
5.658191025813979832e-30
5.293522120726169900e-29
2.460008394780901398e-29
6.178021121799125630e-30
2.619876643822562718e-30
1.088494526813263386e-30
2.869929500081579471e-29
1.739859831987538352e-31
6.968879746122072891e-30
4.383608237493304732e-32
9.711725044013914400e-30
3.463955002718355587e-30
1.375166571035527568e-29
2.283659011634328446e-33
3.556833655208461298e-32
1.782191616215134266e-31
2.390447553925860662e-28
1.014498669579712274e-31
6.064913796493769476e-30
1.319861235986727633e-31
4.145089635699756321e-30
3.846124280556593508e-28
8.211697717339426327e-32
6.579343421813294830e-31
1.038352600491181822e-29
4.285373253635651812e-31
2.303108388813070434e-28
3.639133500710833692e-32
9.741955481546744071e-35
3.886140533469491199e-31
4.737016482392601345e-31
3.689245217324444680e-29
1.649875144036819321e-29
5.741267555460916758e-31
1.288376659110900680e-29
4.797059579934529780e-31
9.090588773230071919e-31
1.400596843635417931e-31
1.453852771152045605e-30
2.069774332170509114e-31
2.005161086816344431e-30
3.794261235360940622e-31
7.713878068216694343e-30
2.308824504838260777e-30
2.747223683580569977e-30
1.060999721899982857e-31
3.466099621342465568e-29
2.481442282547003447e-31
2.242270084616552162e-30
4.949258095132865632e-32
1.294549296922892997e-29
1.183689992613391421e-29
1.119173788878189656e-30
1.884087145161769467e-31
8.397118141995598670e-31
1.747861613709638651e-30
4.912805136250484454e-29
7.757182628774746717e-33
7.177399379974169403e-32
1.470225873819311467e-30
8.075536462498479374e-30
4.875062277150632670e-29
6.660024314052179443e-31
1.363377288789896906e-31
5.742110062560439343e-30
1.877624104856159901e-31
5.943857101150164864e-30
5.305540744025527140e-32
3.200390754869397276e-31
1.031604965014156969e-30
5.826006731393032255e-31
1.912493949197107967e-29
1.265497311172634826e-29
3.276191432430235652e-32
4.172345735864377072e-31
4.517997238128007331e-32
3.564716549907625243e-32
3.608160662386055782e-30
2.721456876671114720e-30
1.793060937964394427e-33
8.994265919954041937e-30
5.867267924426965711e-30
1.914814246253312254e-29
4.066712005399797120e-31
2.416503819713002731e-30
5.822531404197414826e-30
6.390508869378013413e-30
4.219558105848151732e-31
5.338861539286600537e-30
7.768028030547076052e-32
4.111753720816619707e-30
3.261819625454791070e-29
4.913541510913576113e-31
1.550916485524645418e-29
6.614523070196761671e-31
5.815219885369236990e-31
9.619554806896333053e-29
5.811189205398177829e-32
6.625033748010282971e-30
5.921926444912677342e-33
6.499835564570591749e-32
1.338695030176394789e-29
4.742036797706669030e-30
2.284694676796829578e-31
2.143858448174445144e-30
1.544197292635239142e-31
8.109621171690866397e-30
6.019954042828595066e-31
2.696003751461775362e-30
2.336459563726756466e-29
4.516482793723546862e-32
2.768453155652041608e-31
1.063678707567234417e-30
1.756063386180996020e-31
4.551762579947851988e-30
4.608862876993175906e-31
1.502511102007990104e-30
5.702103131292698529e-30
1.553973180260220577e-30
3.425562655826052175e-31
6.158026556136475647e-30
1.214427125508893638e-29
1.348895343336574304e-30
1.518440670017578704e-30
2.976753424755931226e-30
4.192559401943859134e-30
1.210111752475159127e-30
5.576578068083204989e-34
5.005468954644844318e-30
5.974488751238099528e-32
2.757905576849644895e-30
9.901996663718720249e-30
2.763235599697921967e-30
9.879377625008619560e-30
3.634829766764674516e-30
2.646757483345243975e-31
7.907733956751988551e-29
4.268908857613887710e-32
1.878773337544246243e-30
1.621001620639862638e-31
3.945225431590257652e-30
2.660090555408463458e-29
1.542648709441903691e-30
1.400091779895260376e-30
7.671042148474985236e-30
4.617275234126994379e-32
2.260226054830519973e-30
6.367192484474748095e-32
3.008861369611446855e-31
5.818643564996437445e-31
2.163151660704854348e-31
3.035086433575116436e-30
2.563200544237678998e-29
1.760932552490885865e-31
4.561094186122290461e-30
3.349873326208237932e-31
8.609240996313073912e-30
4.620779140606125820e-31
1.975446662943422851e-32
1.526367713015970413e-30
8.239432832647498846e-30
1.354467630565677203e-30
2.012418962185475896e-29
6.790949664381308373e-31
1.556085283483090644e-32
8.575045765166044992e-32
3.479053248654714926e-30
3.443769706970784155e-31
3.199091003614662069e-29
2.021977142330139630e-32
2.202876375359502250e-29
4.498532562749133867e-30
4.674434920511146799e-31
2.755054783572901621e-30
1.815071372196782826e-32
9.497845084419885973e-31
1.181865083515098868e-28
3.876334950069808408e-32
4.330138076708749191e-30
9.301427577854329992e-31
2.926829649855054864e-30
3.442115384832241601e-29
3.707168184650735259e-34
5.509872611062446011e-31
1.467537621384888227e-30
4.247990767954214210e-34
5.736064608970655187e-29
1.385367981872219265e-30
1.503813488544188312e-29
1.705608654667746148e-30
9.340607003776932498e-30
6.667083782166068709e-30
5.115394254102901769e-29
3.058061652359201343e-32
4.238809103760979723e-30
2.467176978056278166e-31
1.649273354832490266e-29
2.291122349074286357e-30
9.572931849801134707e-30
1.797956202417329993e-30
7.977789924576754499e-32
1.341845655137962136e-29
6.097441495005000104e-31
7.172023884098658870e-31
2.608722285459168639e-31
2.042745106149577090e-30
7.905972209855348359e-29
6.729069312106512959e-31
1.100368382481767445e-30
2.262068080254959654e-31
3.179511863107823602e-30
2.285109623979259545e-28
1.511774890617835435e-30
1.953620195124148443e-30
4.556034501467332457e-32
1.230310960272006746e-30
3.788461835421108065e-29
2.250169760811768437e-31
1.272912926868487339e-29
2.128244506503953948e-31
3.122804859004975048e-30
1.202585512857882046e-28
2.514374045042711951e-31
2.486163485847117205e-31
2.405115268030174269e-30
4.568829720552611952e-33
7.012108744055808965e-28
1.692869685238593326e-31
4.894102547914362784e-31
9.168729370385160100e-30
1.504372234974295062e-30
9.734036926864043196e-30
3.517266944923943759e-29
4.567329451867811323e-32
4.028734119857214903e-30
7.656134972705842789e-31
4.174915694094454359e-30
2.579523934693463207e-30
4.489865481092510394e-30
7.090020746071593654e-32
2.707994690860246205e-30
2.123051272779066421e-30
4.032878135577099137e-30
1.228193965328129663e-30
1.614564030961586429e-32
5.077918893297739508e-30
3.133147316088036451e-29
2.620290563928292368e-31
9.118560832434176309e-31
4.855579958067434735e-32
7.529996199940216888e-32
1.055819699251132543e-29
6.695672134438598971e-30
9.999331896012491743e-30
2.448728159391362785e-30
1.431084242538213762e-31
1.227317274858964426e-28
9.225849267513178676e-33
6.280350982842546553e-30
1.445867496330038901e-31
9.262380999328903179e-31
1.658736699156199916e-28
1.240032865307226397e-29
8.546951269015524259e-32
4.507181564262849506e-30
1.758008070733092062e-31
9.746162969257383777e-30
7.650927438230681984e-31
1.834919339180261374e-32
3.740862518179891470e-30
1.211484720258681291e-31
2.154664954687601754e-29
6.755223566197607118e-29
1.332455363185053478e-31
5.032868504122109135e-30
9.350113859587920939e-31
4.019042981038087848e-31
6.912696951206519823e-31
1.244563028119413440e-30
1.498367046600699270e-30
2.353431364767420814e-29
1.983245074987515144e-31
8.194302696754659066e-30
3.626597590164584588e-32
2.960073493775577511e-31
4.690680959508619683e-32
5.001999304203827128e-30
2.340541681185834052e-30
5.768857693951240181e-30
1.360006073521508469e-30
7.847503603874606784e-31
2.163974044931497525e-30
2.513131110697773516e-30
2.400185586686557222e-32
4.330106858931836533e-31
8.915775312347159725e-31
1.580937733389700507e-28
1.572162078686134527e-31
8.720747639931698718e-30
9.438114052264916976e-32
9.362593669599987203e-32
1.238097831939387716e-28
1.600230460187113010e-31
8.678737951042070256e-35
1.784274475812136611e-30
6.243466749318069107e-32
5.645455911628276093e-29
1.585961112223192043e-31
7.895714573138395223e-31
2.129083472715465228e-32
1.775716049925706735e-30
2.443566170480530941e-30
3.139529311529013466e-29
8.251562351392262682e-32
2.468891483525772807e-29
2.924633335701702135e-31
5.451454487520194805e-30
1.307657549023607027e-31
1.637107709276810753e-30
3.042434947955374228e-31
6.075336449160921959e-30
1.035453026623761242e-28
1.145113779897910679e-29
5.440495814350944294e-31
1.142308536512596661e-31
1.307657549023607027e-31
2.505908116761162034e-31
2.141170068900285587e-31
5.409624042974710555e-30
1.834616317500591189e-30
3.438561550891069506e-30
2.863097086417262689e-29
4.461133102868191750e-31
2.129083472715451817e-32
2.508256735321193025e-32
4.411215137418097738e-31
7.694930746132346876e-29
1.061693809911509952e-32
2.991313453190965703e-31
5.893431050730907438e-32
9.939706073475822641e-30
1.238097228576395349e-28
3.380270866469944369e-32
4.978872483717279344e-31
1.605416102144421502e-29
1.971002132073370126e-33
4.567398811328376826e-29
1.577808217836030803e-31
5.090919763097807055e-30
2.400185586686552569e-32
6.082683770108197372e-30
6.425833211573652732e-30
2.458000511385052183e-29
1.063117760716989488e-31
3.437976921329696024e-29
1.529174738184089394e-31
1.123314253743682076e-29
4.690680959508619683e-32
4.584002575013183547e-31
2.121138707529903240e-31
3.464331078639511469e-29
1.138645386059226529e-30
8.622525148890526755e-31
1.052408528038120696e-30
8.279323018049569638e-31
6.912696951206518071e-31
3.893576811172494772e-30
6.754488852667491284e-32
4.924247036472547260e-31
2.172668278660841299e-32
1.783956213830246631e-30
8.009764709439552177e-29
2.541299271435115618e-31
3.740862518179890069e-30
8.126470373332518545e-31
9.250089250764870456e-31
2.707141872794550678e-29
2.361897805039030226e-32
1.143276262499047990e-32
4.718056636357026982e-31
1.758778579241074985e-30
1.662055547503089088e-28
4.283720492468219868e-30
1.539739775134883694e-30
8.872842107598988110e-30
4.019650269881161410e-32
3.528150484011179262e-29
4.263194104740567341e-31
6.288399653922328521e-32
9.999331896012494546e-30
1.970021609001234089e-30
1.898479657600718073e-29
2.015914130851229641e-30
2.984915859053811071e-31
4.881245907949553874e-30
2.798699360262407024e-32
5.383334445837747030e-29
5.077918893297739508e-30
1.065299408101190185e-31
8.224822163569139283e-31
5.119931057008897990e-29
1.425724499655739714e-29
3.692246396633860556e-32
1.763990550149273908e-30
7.007477524780307720e-31
2.579523934693465309e-30
3.351022111787442868e-30
8.960528970380532263e-31
2.568237712875948872e-30
7.267521821085500858e-32
1.828095412270109345e-31
3.153948046634501625e-29
8.258000072496989367e-31
9.168729370385160100e-30
3.105000538922431615e-31
1.055186705305217105e-30
1.308063690420595026e-27
2.088587439696319848e-31
1.544054729865506804e-31
1.860996098791858637e-31
1.594127904918037628e-30
1.202585512857882046e-28
6.533190016641135653e-31
4.611209027946320033e-32
4.251853479569603692e-30
6.253077314758170516e-33
3.356767401394690898e-28
1.215067321989199418e-30
1.128399437541866519e-31
1.953620195124148093e-30
1.887255717796795746e-31
9.131834876765590409e-29
1.168650324478200492e-29
2.043732699091616334e-32
2.732496262975195523e-29
2.464111138007897997e-30
4.100084878403825485e-29
2.042745106149577090e-30
1.099167177554200816e-30
1.509070464241284122e-30
7.306762948104324907e-31
1.501872369006617221e-29
2.569190542536409336e-30
3.617102831629138844e-31
8.070578000358587873e-30
2.291122349074286357e-30
9.123327659769255868e-31
1.191179874773875784e-31
7.148504308393484162e-31
4.342398079875717172e-32
7.749314608656099358e-31
3.979825782421511924e-29
8.373993437408056141e-30
1.705608654667745798e-30
3.859204617668673833e-32
3.820398644905215375e-31
6.463954644973893535e-29
1.646183608928835924e-31
2.832038964318426524e-30
1.797719971046601035e-32
4.867893915293608732e-32
3.445300788939765800e-29
2.975980138926541379e-31
2.588860715717688351e-31
2.445788143936526816e-31
8.583408268354503359e-32
2.183430838873990363e-29
1.806742052862466265e-31
6.460770451100422246e-31
2.755054783572900921e-30
4.456543907406382273e-34
8.893715153275737025e-30
1.224331472187940206e-30
7.014442892850543128e-33
1.710342508968666110e-29
6.987893386100861087e-31
1.359668443588337873e-29
8.575045765166067982e-32
1.586414572157724643e-30
1.250195322583236271e-31
9.988621960491303866e-31
1.146677823605544117e-30
1.260949315919645306e-30
2.394939871426594350e-31
1.431348172652912925e-31
4.620779140606128447e-31
2.329613703372096248e-29
1.367427058806026156e-30
2.641142318481084279e-30
1.238226513925720983e-31
3.886662095945315769e-30
8.042038237889595159e-30
1.261792267772790541e-30
5.818643564996443575e-31
8.205734290913340234e-32
2.457390068949094646e-31
4.418896604767117240e-29
8.249284915719755399e-33
5.339205026155760954e-30
7.569352544274214723e-31
6.973336302319936346e-32
2.660075281060018818e-29
1.800066353141297283e-31
3.186017401550878416e-32
6.795966639969501663e-30
3.034220026892367921e-32
2.731348405915924301e-30
2.125432204456376962e-30
3.275739361302261913e-30
9.879377625008619560e-30
4.814989171798096393e-31
2.428767555408504066e-30
7.652725157453179513e-30
1.482002565306633910e-31
5.404440842601334251e-30
2.170933185781004851e-31
7.035049265325383660e-30
4.192559401943859134e-30
1.254821215578022854e-30
4.229436391218068677e-31
1.216259985704058154e-30
1.332638332323594748e-29
2.443491583380667868e-29
6.381462422113237019e-31
1.253796817881334046e-29
5.702103131292698529e-30
1.418912141661873819e-30
2.194147085852998307e-31
6.175204327404949475e-30
1.841046344048050678e-31
1.181256586747915715e-30
1.326742248488589744e-30
1.353573012885531439e-30
2.336459563726756466e-29
3.734159535640465536e-30
6.885274472256266508e-33
1.006407019099353289e-28
6.799193260659535689e-32
7.809084111513199707e-31
1.730676516777600524e-31
4.730765720547685562e-30
1.338687602493196857e-29
1.077399637721641543e-33
1.710120868463878220e-30
1.559127847109567504e-29
3.941966129751528088e-32
4.066489392924727484e-29
2.670169710469644209e-31
1.248313172467037334e-30
1.550916485524645418e-29
1.606436748501933191e-30
6.282761422785491177e-30
4.654066902002707518e-30
3.692234438217503255e-31
4.112238506843221851e-30
1.556453028876223551e-31
1.132616013937783921e-29
5.822531404197414826e-30
1.743542709070221417e-31
8.637554966393682018e-32
3.412670933101625667e-29
1.838441143716048909e-29
6.554924917404362658e-31
3.707503948405461463e-30
1.425466952885125523e-31
3.608160662386055782e-30
1.893262279050056724e-31
1.383788841655959195e-31
7.259281628876953479e-30
1.577468276259255195e-31
1.405715982586329460e-29
7.948478640712427205e-30
5.323594353296836835e-30
1.031604965014156269e-30
1.522185654173176355e-31
7.389466293757478015e-31
3.167584975506021479e-29
2.573691675043946813e-32
5.792542311177469236e-31
1.539032596305045194e-30
2.546775559152256544e-30
4.876733993766282195e-29
1.020997180407527832e-32
9.256359680169774569e-31
1.864669183019744806e-30
6.637305812262448077e-32
3.886809266435117271e-29
2.298829500765403654e-30
4.433822417375747806e-31
1.884087145161769905e-31
1.047277726549533310e-29
6.121760409515109974e-29
7.237678871955212862e-29
1.835515045475083731e-32
2.024166318500334392e-31
3.074964875183638614e-31
2.185724275975446839e-29
1.060999721899984171e-31
2.476199634899755035e-31
7.753752732084809149e-32
1.303244096524388811e-29
7.062925354415421298e-30
1.859776617150754391e-30
1.144277253261614867e-31
7.659763794280838860e-30
1.400596843635419245e-31
4.010187285928710166e-30
5.571072022454461343e-33
2.144392783080035435e-30
1.780733961367879122e-31
6.087468368300935080e-30
5.245302682483953558e-29
5.749258750387917934e-30
3.886140533469489885e-31
1.222380245985917161e-32
2.864944648219569527e-30
7.815264150384124531e-29
1.458238296792670299e-32
4.472313926059796209e-30
4.302953614732957738e-31
2.442242448989928327e-31
3.846124280556593508e-28
2.670996034487502841e-31
9.855931149858097313e-31
2.427609515843891429e-29
1.160328261047162681e-32
2.087601076491615299e-28
2.026668974932984871e-30
7.011217682608425685e-31
2.283659011634335630e-33
4.049277417614184366e-32
6.170188754799150364e-30
2.405590203726126485e-29
2.065986373296487002e-31
1.297560467436393911e-29
4.473338930223989762e-31
3.933094005009593684e-29
1.088494526813262861e-30
2.596260679836227838e-30
2.846801019386451172e-30
2.557508708713786069e-30
1.096333160739305320e-28
1.284629259187914161e-30
4.737590763958034124e-31
3.350571177130931766e-31
1.669673828758610991e-30
6.015315555180848641e-28
3.643851559044280705e-31
2.323820540836451342e-30
7.261443734158028889e-31
1.676123234965011413e-30
1.543335802608203690e-27
4.282533062743179036e-30
1.792606648517011363e-33
1.225862628326697210e-30
6.445314487549140875e-31
8.112312163518044400e-28
1.235698369631399464e-31
3.604872346436386843e-29
1.349521117107919438e-31
2.534835648679422318e-31
5.501970579780789076e-25
4.247612226391878834e-32
9.630327122356569493e-31
1.562779825696333401e-30
2.500457953739404239e-32
1.457288236903677548e-23
1.957767363086276608e-30
1.250218837205085078e-30
4.833660492165651100e-31
6.329711105865057970e-31
7.698348456518328079e-23
2.331966943121626077e-29
1.948025633734016483e-31
4.308936359182750600e-30
4.609809395749952635e-31
1.424468958002647444e-22
4.718397321266095302e-31
3.463509755576330836e-31
2.440796339350989703e-32
3.214802402920421733e-31
3.413374641998919428e-20
3.602300386614493434e-30
9.557175823891531851e-31
6.008819080342931037e-33
1.323077995120035210e-31
4.778808113375227474e-19
2.330803554212246854e-30
3.379306381493090737e-30
2.891744064876237214e-31
3.571167581347495330e-29
2.986977341039263917e-19
5.061710350108162263e-33
2.684644991210424281e-30
7.032914139408684376e-31
1.220763106110052286e-30
4.624725133704118815e-17
2.194607382768215136e-32
9.491344862962045210e-30
3.115158272233092871e-31
2.276943943697723579e-30
1.144822235703886510e-15
3.878572949460667140e-32
1.039269161404122920e-30
2.050288955124179982e-29
1.859471781317533537e-31
1.766315693342094680e-15
2.680413385481290507e-31
1.257357553347860317e-30
1.553468320295321549e-30
1.620115997488347736e-30
6.570080111554354921e-14
2.539602226525190425e-30
2.022267894220461453e-32
3.765761224964493867e-30
5.291799481751500788e-31
1.720513488866512167e-12
1.145363143652739182e-31
8.414983122964650862e-32
1.148632957192162271e-31
1.720107107683329777e-30
1.172976482929814704e-12
2.587177319572537173e-30
8.936921808036055791e-32
1.382331217825562697e-30
5.703236498928753235e-32
1.215353420895823038e-10
8.408517217578574081e-31
3.859300786210186757e-30
7.242632913580579803e-31
1.193579567659318597e-29
1.489302052281104238e-09
6.425599234805751382e-31
3.481917654391574908e-31
4.544156973908811186e-31
2.146766257276780832e-30
4.998643029602351813e-10
1.738674518562787493e-31
1.221835263374989100e-30
2.463254283717295581e-30
2.340237209741716764e-31
1.678859745908041939e-07
7.292689473292979098e-31
3.236903849885942393e-32
4.237341965427429691e-31
3.437296077003374562e-31
2.540119109848482017e-07
1.293646501741446874e-31
2.516918624676436105e-31
1.909795228895005764e-30
2.578336472974172720e-30
7.942249573057642389e-06
1.871689969146096312e-29
4.554553570536410896e-31
1.262304404204668865e-30
1.752486227045736024e-31
5.715255845727536211e-05
3.683441276479957944e-31
3.210358600978010637e-30
1.758759798576609393e-30
1.199525800139847351e-31
2.307301932481720574e-04
8.811577890269168164e-31
2.431862978644765927e-32
2.655228645997651472e-30
2.580999758852382132e-31
4.470510239532609481e-03
1.082409375833890755e-30
2.095554391447671629e-29
2.767502023642444503e-31
1.049203009757018523e-29
6.681242328429036134e-03
1.312510461322277283e-30
2.128813406584100139e-33
1.570923869042745506e-30
1.692985902758331802e-31
2.114108148855470548e-01
2.836831154994165698e-31
2.114966200789523654e-30
5.226413721030520042e-31
3.671669647137673236e-30
3.473027317342267661e-01
3.496201166829401144e-31
2.622829851514529792e-30
1.370653907757829697e-31
2.021069158147865747e-31
6.151504665148294748e+00
4.691035372895234800e-30
1.316054761792175760e-30
5.053072537417738219e-30
1.305812610611183728e-29
2.540889336384196895e+01
1.978787919387475118e-29
1.289458911179422661e-30
6.087633342825606117e-30
1.207113578182282667e-30
6.063466604682191274e+01
2.116240300694476968e-30
2.218398517766872414e-30
1.871585094241399908e-30
3.881550050477897139e-29
1.150293627563986547e+03
2.008538303221642441e-29
4.820908901955687818e-30
4.683875918263893408e-30
3.884666612562317053e-30
3.622007652215758640e+02
2.673902165428042146e-30
2.321949803504737840e-29
6.822738811339113989e-31
1.260232463035384919e-29
9.626570726537542214e+03
1.273099517787739408e-29
2.597826149617490053e-29
7.483696292598569082e-31
8.228190934815477919e-30
7.548105236867612984e+04
4.758421297865982443e-31
9.102204382683457075e-30
8.666395354544237768e-31
2.903041680623470691e-31
